25.410000
109.670000
88.340000
90.000000
116.690000
82.240000
39.780000
118.580000
94.620000
69.640000
82.050000
106.450000
57.810000
93.270000
124.610000
29.910000
54.950000
44.420000
73.270000
79.360000
48.910000
71.040000
64.020000
26.530000
27.920000
48.820000
99.210000
112.160000
122.180000
123.950000
79.470000
42.260000
72.710000
40.380000
43.690000
124.120000
81.670000
87.990000
95.350000
123.940000
112.030000
63.110000
38.220000
28.330000
101.730000
71.640000
76.410000
102.110000
107.530000
93.680000
80.470000
101.440000
51.620000
52.570000
25.370000
53.590000
112.230000
122.410000
100.290000
32.780000
48.160000
55.350000
46.900000
43.420000
27.880000
26.060000
115.400000
114.420000
117.640000
51.480000
99.460000
63.050000
83.900000
92.290000
68.700000
78.500000
75.060000
36.010000
68.930000
60.480000
121.290000
51.230000
65.840000
124.540000
112.560000
43.400000
74.660000
98.760000
64.310000
88.080000
94.440000
49.390000
71.260000
38.230000
80.370000
40.380000
86.180000
45.820000
54.290000
90.410000
73.330000
36.150000
71.390000
121.580000
52.040000
124.300000
64.770000
48.060000
41.730000
48.860000
75.210000
112.450000
94.240000
115.720000
87.700000
83.290000
92.770000
80.730000
75.970000
90.120000
64.860000
57.900000
116.610000
111.360000
48.550000
72.670000
61.550000
80.740000
65.310000
45.520000
98.500000
36.500000
94.410000
42.240000
64.660000
59.300000
36.070000
26.910000
105.070000
38.370000
79.570000
47.870000
102.530000
28.830000
74.450000
114.090000
47.090000
122.580000
67.210000
110.880000
89.220000
74.460000
100.060000
55.300000
89.130000
116.680000
34.000000
50.910000
112.620000
41.550000
99.100000
88.590000
101.240000
30.370000
40.480000
89.830000
100.950000
65.410000
61.020000
68.500000
27.910000
33.360000
118.740000
35.200000
70.960000
65.210000
98.480000
56.990000
121.680000
69.840000
107.810000
72.340000
25.530000
44.990000
89.180000
104.380000
94.000000
62.880000
106.270000
29.670000
62.280000
73.930000
71.480000
49.830000
103.070000
49.210000
68.100000
91.170000
53.130000
120.140000
68.090000
101.160000
114.350000
99.510000
31.000000
77.490000
90.190000
40.560000
52.980000
28.030000
87.240000
35.080000
83.440000
51.090000
74.890000
52.020000
56.950000
29.850000
55.930000
68.430000
30.230000
40.870000
118.140000
120.030000
99.480000
77.000000
59.580000
91.180000
30.800000
122.960000
72.980000
77.810000
120.890000
32.980000
105.090000
96.570000
29.720000
61.220000
110.380000
47.920000
85.380000
66.790000
106.900000
121.570000
104.580000
86.910000
123.150000
53.880000
116.560000
40.110000
87.020000
51.340000
67.720000
25.550000
28.280000
51.460000
88.620000
73.860000
113.750000
109.330000
123.690000
26.420000
63.440000
39.160000
43.810000
44.980000
28.220000
111.510000
25.210000
81.990000
60.570000
109.760000
103.920000
68.890000
75.750000
32.120000
51.000000
50.100000
35.030000
93.690000
103.610000
71.880000
59.010000
122.890000
77.550000
89.230000
75.020000
30.850000
66.820000
27.850000
95.880000
39.260000
111.170000
62.570000
123.320000
34.320000
66.690000
46.540000
82.210000
96.890000
124.760000
38.290000
48.680000
111.920000
39.250000
30.550000
59.340000
90.490000
99.410000
120.120000
26.450000
105.600000
42.180000
62.530000
86.390000
49.230000
87.790000
84.960000
91.870000
50.290000
50.490000
99.370000
123.660000
54.490000
26.930000
56.950000
57.970000
29.160000
107.860000
86.050000
69.880000
87.820000
49.550000
82.340000
106.140000
42.010000
38.160000
31.710000
82.860000
47.630000
68.130000
68.550000
36.850000
25.530000
34.120000
33.080000
43.320000
34.450000
68.130000
102.560000
108.210000
120.580000
61.460000
104.820000
29.810000
66.440000
56.960000
27.220000
96.290000
46.610000
80.350000
29.500000
36.730000
29.660000
45.440000
41.590000
87.920000
89.390000
97.530000
25.240000
86.540000
120.100000
72.450000
31.490000
56.860000
108.130000
69.740000
105.220000
46.680000
65.180000
